2747721
174
50
174
250209
183
6
21
170785
174
4
12
686797
183
12
54
3120568
9357
2721
9357
5794076
1194020
116589872
39085728
3452346
731644
116589872
23617062
10744712
2336709
116589872
72533552
87390
1194020
3081542
532216
31720
731644
3081542
284370
241325
2336709
3081542
1179243
5794076
483003
20386808
4156099
3452346
170785
20386808
2123358
10744712
876198
20386808
8903908
8
12371
14423361
462
439
109462144
6036
14772
2
12371
6036
17
35
12371
25376148
2007
1700153
109462144
25376148
64517596
9178807
715157
21250906
5546814
11533023
3120568
11533023
5125450
10593637
3120568
10593637
169337
844078
3120568
844078
2965750
11533023
1123148
5125201
1796262
11533023
633361
2668702
3320367
1015270
20664530
6450378
2137042
651027
20664530
3817759
28533020
1840819
50528908
40872600
3730
386810
41073
6826
13953
2747721
41073
41073
5031533
2790528
24919574
27326496
238241
47668
141040
957544
2555464
538408
32197
111122
47508
920124
70932
64932
46
3120568
99
833019
1602
99
833019
1602
2346
2346
711962
120952
452873
957544
2555464
538408
107917
504378
114585
920124
197090
258604
54746
50720
3619977
1334220
538408
180025
77759
37630
1201014
114744
51711
12963
583336
1105310
25920612
3081542
12653
3168017
227705
8236818
760564
206827
50720
1142930
1105310
25920612
3081542
60166
7542192
578894
8236818
2175221
527400
87390
1194020
1105310
25920612
3081542
90441
6368672
532216
8236818
1621064
1250137
1395954
1700153
13625635
30728518
24919574
4500372
12213661
10806431
40078764
19205186
543101
782429
1352008
13625635
30728518
24919574
2390515
8331567
7208521
40078764
13780992
1864340
1840819
2336709
13625635
30728518
24919574
6526320
17544684
15391030
40078764
24785284
34817380
112053
50528908
2721
3120568
9357
112053
50528908
648976
9357
648976
64932
643136
34817380
46955
6165210
13234408
46955
6165210
13234408
1626590
1626590
534434
86178
14976169
957544
48041160
12978902
71573
20011032
2250720
11861754
2638062
3401208
643136
34817380
963943
48041160
13234408
963943
48041160
13234408
11880977
11880977
353239
598868
1756570
13625635
10202735
11533023
1802457
1190548
2596682
18815664
3641535
5049184
3120568
5546814
13625635
10202735
11533023
13625635
10202735
11533023
18815664
18815664
1250137
1395954
3210185
13625635
10202735
11533023
4500372
4289092
5676030
18815664
7821239
8313614
1353169
109462144
48538152
7973742
879851
109462144
32130260
3730
386810
6588122
41073
1066560
20386808
6826
234575
6427364
957337
248298
3127
452873
6117652
41073
1066560
20386808
6775
166049
5316107
957337
203983
16714
861358
15244220
41073
1066560
20386808
26374
682220
14008855
957337
661563
365566
59097
939714
822395
1105310
25920612
11601616
3081542
1453870
24919574
56148
4621459
1923041
395750
205773
5460480
8236818
3475904
35216780
6680342
1186224
528778
9755035
1421969
13415848
3324470
290087
46209
864756
756688
1105310
25920612
11601616
3081542
1453870
24919574
42576
3999524
1723274
346193
183879
4817698
8236818
3475904
35216780
6680342
1020957
467687
8782174
1280769
13415848
3020883
265172
651027
1445970
731644
13625635
10202735
30728518
11533023
24919574
17839916
1705909
785678
3984832
2225408
3984661
2474871
18815664
40078764
38745480
26748010
3039136
8825438
7337368
7370260
43938308
12962599
265172
4
1445970
731644
633
10202735
30728458
28
100
17839916
23
785678
3984832
6
15
2474871
306
1734
38745480
239
28
107
7337368
39
2326
188
1250137
1395954
3210185
1700153
13625635
10202735
30728518
11533023
24919574
17839916
4500372
4289092
12213661
5676030
10806431
8588984
18815664
40078764
38745480
26748010
7821239
19205186
20096902
15963591
43938308
24441922
3401208
643136
34817380
4665908
963943
48041160
22454850
13234408
2898568
109462144
963943
48041160
22454850
13234408
2898568
109462144
11880977
7461527
81907552
28224116
11880977
7461527
81907552
28224116
33445188
33445188
193893
31530
14423361
731644
963943
48041160
22454850
13234408
2898568
109462144
30123
11566375
2759957
1303219
279689
28704310
11880977
7461527
81907552
28224116
1586802
744732
32946018
5975897
33445188
9356522
7973742
879851
25970
109462144
12978902
3081542
32130260
1438803
339215
28357884
7237383
7467272
769637
28117
109462144
12978902
3081542
29777930
1309142
295396
28357884
6825834
119
20241
168503
41073
1066560
20386808
240
3535
76040
957337
6562
1016989
162988
1700153
1395954
1105310
25920612
11601616
3081542
1453870
24919574
192284
10073854
3765646
819154
407682
10806431
8236818
3475904
35216780
6680342
2573895
1034488
16792424
2463822
13415848
5518880
527400
87390
1194020
1015270
1105310
25920612
11601616
3081542
1453870
24919574
90441
6368672
2451685
532216
269125
7187234
8236818
3475904
35216780
6680342
1621064
692572
12191015
1788512
13415848
4083568
976794
1083929
2720736
100
13625635
10202735
12979
11533023
6327
3097
3761715
3383038
645
4930033
2003
379
18815664
69285
24622
37136
6690818
7687
2969
10475
192301
41738
489586
671694
1789006
47
13625635
10202735
12979
11533023
6327
3097
2140983
1527782
293
2977576
1120
152
18815664
69285
24622
37136
4302828
3478
1399
5536
192301
20895
928499
159054
25376148
1700153
963943
48041160
22454850
13234408
2898568
109462144
177547
27636748
8887568
4101052
806641
64517596
11880977
7461527
81907552
28224170
4363504
2378846
54023708
12933481
33445188
17498632
