31466
3707
809
2910
4656
16
1
3
1671
3081
55
218
13896
15
2
7
171104
6586
336
7067
369806
193998
175257404
49528964
82589
43824
176154858
11196335
1367101
745380
172325018
142684266
1567
206082
748764
198269
360
43518
722094
41496
7304
761282
711612
662346
425310
7969
6789713
1985904
91424
1915
7235551
434184
1448022
28447
7077831
6283437
1
2192
59014
143
1041
112655546
771
58794
1
2168
931
2
8
2111
488958
1149
357025
116599582
496038
57379538
309034
46519
1015016
148941
3449421
168020
3394826
35975
897740
212758
668534
9550
248410
183915
262898
29438
3832843
42798
906045
9261
3830045
9068
246243
81685
43668
8843797
2164998
18120
9507
8733604
501595
840842
144833
29771698
17970475
135
23729
837
469
189
31745
850
824
1055840
267024
20130652
24527567
1887
454
2524
26764
124522
26659
2269
10106
2238
117811
9354
8175
5
194424
13
202442
130
11
206697
122
301
322
8942
2035
10597
28605
137194
29778
8213
45349
10285
125180
47096
186164
28513
5628
978070
187290
26877
867342
181425
27600
964821
817151
735
345
39873
15908
1674383
730680
715
85807
38894
1641767
84532
14634
5612
702951
15380
1740436
703327
14926
1530088
631935
1619951
1454294
3791
1725
229087
15364
1705647
714811
3312
407793
187151
1563947
394249
106006
72726
470175
5261665
22759951
20187274
2800416
13049643
9874593
618028857
366004832
37959
30557
111112
6644866
22752776
19528481
971929
4605411
3156476
629431820
138725429
195794
135211
688041
5279425
23339821
20138205
4552350
20373585
17520814
629595700
530896953
923854
34488
23093838
270
158880
6674
34360
27217667
880263
6680
899758
8195
6088
1035405
7805
1023722
966068
7891
1158073
999881
1149689
923805
4315
908
137359
30201
4063214
952872
4167
552877
147686
3629988
545050
28678
6112
1151048
26902
3432184
1003618
31388
4248573
970386
3590709
3357770
24327
15363
14009
5223808
3866483
3769820
663332
587631
392075
98343345
15612025
201194
185627
313078
5470665
4331672
3412726
5457902
3905562
4120015
104949707
97673822
111786
79243
65133
5442860
4389413
3625778
2883007
2148133
1598413
100603304
59816694
1177412
995096
111127913
115761602
415759
315298
112240827
53723863
129
25395
1275136
888
39254
6871556
469
22021
4510477
183603
73039
63
10092
601970
848
38157
6940899
352
15100
2602020
182006
81118
198
40057
2256522
867
37602
7110732
863
37622
7513942
182193
162596
2491
939
118477
25204
16547
1742676
418109
752585
159282
20363337
2120
229869
55922
118276
24721
3174276
1605475
383364
41167206
19518727
232117
57701
6002727
2983395
40451264
5771195
1780
775
82531
20322
14573
1707215
380705
748609
249110
21080613
1498
182952
39439
89970
16493
2251439
1544467
368355
40946177
19703872
176981
37618
4387908
2362623
40045359
4167677
12987
9139
8414
46897
4912454
3860749
24051185
3662006
20677010
15525165
356953
279917
1652014
200362
1178995
1012026
95865176
623917329
418334315
389570988
7401605
48462752
36498840
25609108
11072766854
1008131541
11999
1
7351
46020
26
3688107
23036911
16
86
16116305
2
256481
1676485
1
6
961714
407
2421
426746790
1580
28
193
35253579
108
38262
3629
111831
75193
82582
362330
5329430
4070106
23811886
3637834
21850869
14597348
2652071
2240091
13647058
1616358
10385653
7256392
98725521
626323053
424495188
392592734
60429130
369607593
266044363
199204048
11094849848
7204901058
28583
6412
944213
761080
26085
3689604
2942668
929133
724977
110405097
29375
3772488
2876902
1022262
722917
116745379
3467814
2910004
392263115
115527941
3665166
2803325
404185073
109779642
386044373
386130712
1541
489
57252
49512
27349
3733454
2931304
960768
751137
110006875
1487
227885
180800
55840
46738
7593146
3535445
2880693
395893324
113178344
213402
182139
28751669
7927049
390782648
28423857
440049
321025
2256
111323221
941397
783212
54926989
468406
301674
106747487
58768383
225202
190271
1252
116097254
997256
756874
31963605
229910
166652
106403029
31628985
8
1426
67514
821
37992
7378313
32
1270
282517
188493
5507
6925
2725
344230
77670
18234
1629294
387114
693626
163800
20493175
6417
696584
169546
340896
80595
9942436
1617810
382267
41131131
19629956
703326
167392
18729707
9584808
39819857
18110310
3803
1514
192870
40455
15715
1631750
416183
739466
169739
20818345
3647
413749
95499
194072
44022
5163975
1545526
383351
41005820
19893562
389238
93686
10467642
5408076
39698415
10067329
72490
64560
43666
12
5248167
3912011
987
3679290
918
609
2221293
1719524
435
1242956
331
249
98936846
25305
16586
15454
45867745
11860
8046
6464
423532
218155
48935
29596
23615
7
5484900
4124873
979
3923537
855
627
1025901
708794
193
591910
163
109
102506723
25238
16687
15606
18610886
5017
3193
2796
423394
80839
14240
2617
428674
390926
25939
3952616
3051301
983562
712040
113362833
13066
1706430
1382948
447055
356158
57598208
3510600
2768414
387178368
114684051
1638289
1386835
207803343
56174604
386471856
206672012
