1332656
234
368
985
247037
1
1
1
200276
234
55
148
711662
1
1
2
2609129
54577
43882
229850
4660848
1776399
25596909
10051067
1783822
679872
25596909
3846793
8001591
3049664
25596909
17255345
181770
1776399
998260
391984
69568
679872
998260
150022
312056
3049664
998260
672946
4660848
523290
7540319
2960834
1783822
200276
7540319
1133184
8001591
898368
7540319
5083068
38
4253
5362965
1414
45
76955732
357
1704
1
4253
357
1
134
4253
19056773
5024
2415859
76955732
19056773
90902819
4113589
631475
19304399
7510642
9341228
2609129
20662589
2798945
3481138
2609129
7700201
279538
347670
2609129
769039
2944339
9341228
1022837
8100196
727921
9341228
252873
2002589
4847889
1024520
15355180
6029479
1855407
392109
15355180
2307630
24056353
1758861
44383408
29919657
3858
448650
7281
2451
11461
1332656
7281
7281
4030312
2324440
5626558
5012629
138637
40652
117032
348353
1002862
294067
30592
88070
25825
221294
19434
37192
1
2609129
1
46257
1
1
46257
1
1
1
515787
151243
435408
348353
1002862
294067
113815
327657
96078
221294
72302
951565
419787
145817
1919011
666586
294067
604489
209975
92631
423453
133388
60180
21914
214161
280516
2741430
998260
13280
129778
47257
604930
28637
400443
145817
1425038
280516
2741430
998260
88363
863551
314452
604930
190553
499177
181770
1776399
280516
2741430
998260
110150
1076470
391984
604930
237536
1613183
1393321
2415859
3757119
6514412
5626558
2006368
3478812
3004682
8102185
4326711
559980
483660
838611
3757119
6514412
5626558
696465
1207591
1043008
8102185
1501920
2036405
1758861
3049664
3757119
6514412
5626558
2532742
4391485
3792966
8102185
5461832
35685660
746469
44383408
43882
2609129
54577
1651172
98175112
928407
54577
2053616
37192
461116
35685660
8175
632666
7843959
8175
632666
7843959
139064
139064
402533
118034
9099204
348353
26854496
7874476
88824
6847415
2007850
5925772
1510966
1578672
461116
35685660
347003
26854496
7843959
347003
26854496
7843959
5902807
5902807
408404
352742
1015405
3757119
10815247
9341228
507945
1462173
1262892
13451272
1818552
3020842
2609129
7510642
3757119
10815247
9341228
3757119
10815247
9341228
13451272
13451272
1613183
1393321
4010815
3757119
10815247
9341228
2006368
5775532
4988380
13451272
7183216
10014453
1269549
76955732
21596062
6002878
760995
76955732
12945144
3858
448650
3996037
7281
64848
7540319
2451
21831
2538510
41195
13868
3745
435408
3878099
7281
64848
7540319
2379
21187
2463589
41195
13459
7835
910993
8114046
7281
64848
7540319
4977
44329
5154504
41195
28160
326504
118893
1161914
670122
280516
2741430
1581091
998260
575736
5626558
72047
704102
406083
256390
147871
1445111
604930
348887
3409605
1241568
155369
89607
875714
318882
752371
193237
262717
95665
934918
539204
280516
2741430
1581091
998260
575736
5626558
57971
566546
326749
206301
118982
1162787
604930
348887
3409605
1241568
125015
72101
704631
256583
752371
155485
453983
392109
1128725
679872
3757119
10815247
6514412
9341228
5626558
16196617
564633
1625352
979009
1403832
845579
2434084
13451272
8102185
23322959
20144256
2021503
1217625
3505057
3027350
29007519
4359352
453983
15
1128725
679872
148
10815247
6514412
369
222
16196617
22
1625352
979009
55
33
2434084
531
320
23322959
795
80
48
3505057
118
1146
172
1613183
1393321
4010815
2415859
3757119
10815247
6514412
9341228
5626558
16196617
2006368
5775532
3478812
4988380
3004682
8649281
13451272
8102185
23322959
20144256
7183216
4326711
12454875
10757391
29007519
15490531
1578672
461116
35685660
4523930
347003
26854496
3404389
7843959
994392
76955732
347003
26854496
3404389
7843959
994392
76955732
5902807
748309
57911428
16915417
5902807
748309
57911428
16915417
12729345
12729345
237248
69298
5362965
679872
347003
26854496
3404389
7843959
994392
76955732
52149
4035787
511623
1178817
149441
11565176
5902807
748309
57911428
16915417
887094
112458
8703124
2542113
12729345
1913002
6002878
760995
77869
76955732
7874476
998260
12945144
1324615
167924
16981221
2856518
4413966
559566
57257
76955732
7874476
998260
9518673
973988
123474
16981221
2100394
217
25276
225131
7281
64848
7540319
138
1230
143016
41195
781
678868
247202
2415859
1393321
280516
2741430
1581091
998260
575736
5626558
149801
1463972
844331
533089
307453
3004681
604930
348887
3409605
1241568
323043
186312
1820790
663019
752371
401780
499177
181770
1776399
1024520
280516
2741430
1581091
998260
575736
5626558
110150
1076470
620843
391984
226073
2209366
604930
348887
3409605
1241568
237536
136997
1338841
487524
752371
295433
986976
852460
2453893
82
3757119
10815247
360
9341228
311
895
1227534
3533581
118
3051986
102
294
13451272
448
1289
1113
4394829
147
422
365
1604
526
313680
270928
779895
26
3757119
10815247
360
9341228
311
895
390134
1123041
37
969981
32
93
13451272
448
1289
1113
1396762
46
132
115
1604
165
843039
246244
19056773
2415859
347003
26854496
3404389
7843959
994392
76955732
185306
14340775
1818004
4188812
531023
41095728
5902807
748309
57911428
16915417
3152203
399610
30925728
9033134
12729345
6797691
