590114.0
757.0
159.0
757.0
119663.00000000001
1809.0
80.0
409.99999999999994
54885.0
757.0
19.0
46.0
297827.0
1809.0
184.0
910.0
1234985.0
377.0
20189.0
377.0
2924746.0
1329361.0
403584572.0
157934231.0
1034225.0
477360.0
403584572.0
55859057.0
5169771.0
2343028.0
403584572.0
279257845.0
8537.0
1329361.0
1329734.0
460931.0
3201.0
477360.0
1329734.0
172966.0
15209.0
2343028.0
1329734.0
822663.0
2923709.0
209118.0
22996287.999999996
8498284.0
1032902.9999999999
54885.0
22996287.999999996
1824286.0
5172084.0
399830.0
22996287.999999996
16588525.999999998
6.0
1913.0
2070328.0
183.0
2831.0
847245500.0
443.0
23828.999999999996
1.0
1913.0
440.00000000000006
1.0
43.0
1913.0
8469571.0
1950.0
1819255.0
847245500.0
8450944.0
455942835.0
2034698.0000000002
296971.0
9173072.0
1363655.0
5378262.0
1234985.0
5378262.0
1232393.0
2079975.9999999998
1234985.0
2079975.9999999998
765797.0
805728.0
1234985.0
805728.0
700320.0
5378262.0
482329.99999999994
1814673.0
190905.0
5378262.0
128185.0
608560.0
578616.0
483370.00000000006
25677127.0
10341603.0
280319.0
173033.0
25677127.0
4909988.0
10894686.0
853117.0
87060357.0
45957035.0
1732.0
265215.0
22355.0
12176.0
3684.0
590114.0
22355.0
22355.0
3208943.0
1170502.0
66689082.0
63206547.00000001
44267.0
2116.0
66494.0
163591.0
1129213.0
235729.0
15959.000000000002
150544.0
24426.0
547206.0
66137.0
89780.0
352.0
1234985.0
113.99999999999999
735073.0
6848.0
113.99999999999999
735073.0
6848.0
810.0
810.0
135909.0
7348.0
208375.99999999997
163591.0
1129213.0
235729.0
46810.0
394505.0
72828.0
547206.0
165722.0
771981.0
266439.0
9490.0
5814132.0
598082.0
235729.0
4221053.0
292551.0
105660.0
2663677.0
1968837.0
24228.0
1221.0
184378.0
184031.0
24194362.0
1329734.0
9051.0
1309041.0
65903.0
9937655.0
488371.0
226338.99999999997
9490.0
1309876.0
184031.0
24194362.0
1329734.0
92202.0
12222298.0
512411.99999999994
9937655.0
4978871.0
165122.0
8526.0
1329361.0
184031.0
24194362.0
1329734.0
59671.0
8918913.0
460799.99999999994
9937655.0
3218511.0
903222.0
661919.0
1819255.0
14883093.0
84134616.0
66689082.0
9314070.0
48772157.0
35746238.0
803687014.0
505722137.99999994
410048.0
243831.0
668084.0
14883093.0
84134616.0
66689082.0
4710102.0
22142605.0
13166579.0
803687014.0
253820682.0
1165049.0
853170.0000000001
2343028.0
14883093.0
84134616.0
66689082.0
12247613.0
62905684.0
46069210.0
803687014.0
662288650.0
15689731.0
14327.0
87060357.0
20189.0
1234985.0
377.0
14327.0
87060357.0
2.0
377.0
2.0
89780.0
17953.0
15689731.0
25352.0
4181511.9999999995
4546346.0
25352.0
4181511.9999999995
4546346.0
1758309.0
1758309.0
79524.0
5706.0
4065026.9999999995
163591.0
27198802.0
6277901.0
27063.0
5803873.0
1449542.0
14621096.0
2528201.0
412713.0
17953.0
15689731.0
110327.0
27198802.0
4546346.0
110327.0
27198802.0
4546346.0
9851081.0
9851081.0
298699.0
157393.0
185158.0
14883093.0
2915023.0
5378262.0
3660874.0
578342.0
440962.00000000006
2455102.0
294223.0
1558049.0
1234985.0
1363655.0
14883093.0
2915023.0
5378262.0
14883093.0
2915023.0
5378262.0
2455102.0
2455102.0
903205.0
661939.0
972617.0
14883093.0
2915023.0
5378262.0
9349556.0
2140837.0
2677485.0
2455102.0
1190834.0
5589924.0
1168879.0
847245500.0
301775602.0
3028556.0
632803.0
847245500.0
163722346.0
1732.0
265220.0
2892004.0
22355.0
272337.0
22996287.999999996
12177.0
155233.0
11798359.0
389124.0
279811.0
1447.0
208373.0
2566959.0
22355.0
272337.0
22996287.999999996
7899.0
109749.00000000001
8882792.0
389124.0
159628.0
3221.0
483884.0
5648610.0
22355.0
272337.0
22996287.999999996
20217.0
267935.0
21117260.0
389124.0
443891.0
103058.99999999999
5733.0
897708.0000000001
325991.0
184031.0
24194362.0
3605678.0
1329734.0
488615.0
66689082.0
36890.0
5564566.0
774881.0
309667.0
113159.00000000001
17603571.0
9937655.0
1790819.0
194706621.0
26385177.0
1992235.0
335172.0
41858562.0
6103756.0
96704211.0
18138158.0
74231.0
4280.0
661277.0
239550.00000000003
184031.0
24194362.0
3605678.0
1329734.0
488615.0
66689082.0
26869.0
4007424.9999999995
547620.0
230987.0
84309.0
12936171.0
9937655.0
1790819.0
194706621.0
26385177.0
1452267.0
242099.99999999997
29606199.000000004
4556570.0
96704211.0
13070205.0
195856.0
173036.0
246735.00000000003
477360.0
14883093.0
2915023.0
84134616.0
5378262.0
66689082.0
73637331.0
1616225.0
421544.99999999994
10576414.0
624869.0
9343758.0
13320436.0
2455102.0
803687014.0
157411209.0
290426079.0
189742.0
86998383.0
22809015.0
33693007.0
132575475.99999999
10263871.0
195867.0
1.0
246779.0
477360.0
19.0
2915023.0
84134616.0
23.0
90.0
73637331.0
2.0
421535.0
10575529.0
2.0
8.0
13321607.0
4.0
1010.0
157411209.0
1199.0
1.0
70.0
22780580.0
102.0
215.0
16.0
903206.9999999999
661929.0
972561.0
1819255.0
14883093.0
2915023.0
84134616.0
5378262.0
66689082.0
73637331.0
9339830.0
2142955.0
48771777.0
2662117.0
35744023.0
52508872.99999999
2455102.0
803687014.0
157411209.0
290426079.0
1196142.0
503961742.0
115879726.0
143854770.0
132575475.99999999
64108922.0
412713.0
17953.0
15689731.0
3372747.0
110327.0
27198802.0
22286492.0
4546346.0
969433.0000000001
847245500.0
110327.0
27198802.0
22286492.0
4546346.0
969433.0000000001
847245500.0
9851081.0
5957652.0
1468735357.0
245502694.00000003
9851081.0
5957652.0
1468735357.0
245502694.00000003
531958301.99999994
531958301.99999994
28576.0
2643.0
2071044.9999999998
477360.0
110327.0
27198802.0
22286492.0
4546346.0
969433.0000000001
847245500.0
8222.0
1703925.0
1546623.0
654745.0
142608.0
112020462.99999999
9851081.0
5957652.0
1468735357.0
245502694.00000003
656569.0
443741.0
92864241.0
35352364.0
531958301.99999994
35216613.0
3029445.0
632803.0
4018.0
847245500.0
6277901.0
1329734.0
163768474.0
1045943.0000000001
216862.99999999997
339006640.0
56515403.0
2257425.0
472200.00000000006
3007.0
847245500.0
6277901.0
1329734.0
121755396.0
783494.0
162371.0
339006640.0
42264998.0
63.0
12464.0
159710.0
22355.0
272337.0
22996287.999999996
304.0
3922.0
494846.0
389124.0
5412.0
231287.00000000003
11619.0
1819255.0
661933.0
184031.0
24194362.0
3605678.0
1329734.0
488615.0
66689082.0
82970.0
12495410.0
1899434.0
628610.0
230140.0
35745688.0
9937655.0
1790819.0
194706621.0
26385177.0
4484504.0
874150.0
102514716.0
12396710.0
96704211.0
47118357.0
165148.0
8522.0
1329361.0
483383.0
184031.0
24194362.0
3605678.0
1329734.0
488615.0
66689082.0
59580.0
8918955.0
1349249.0
460825.99999999994
168399.0
26103779.0
9937655.0
1790819.0
194706621.0
26385177.0
3217457.0
625009.0
72764297.0
9109744.0
96704211.0
33773627.0
633577.0
422347.0
586025.0
413.99999999999994
14883093.0
2915023.0
9876.0
5378262.0
13077.0
1184.0
6978220.0
1456599.0
6297.0
1743283.0
5825.0
849.0
2455102.0
38196.0
75.0
344.0
882907.0
17003.0
96.0
122.0
2.0
1.0
146214.0
127211.00000000001
220746.00000000003
44.0
14883093.0
2915023.0
9876.0
5378262.0
13077.0
1184.0
1430350.0
459187.0
430.0
739547.0
683.0
110.00000000000001
2455102.0
38196.0
75.0
344.0
316675.0
1402.0
7.0
24.0
2.0
1.0
193080.0
10522.0
8456832.0
1819255.0
110327.0
27198802.0
22286492.0
4546346.0
969433.0000000001
847245500.0
56637.00000000001
15464467.0
10420503.000000002
2693735.0
568348.0
456643213.0
9851081.0
5957652.0
1468735357.0
245502694.00000003
5807715.0
3055046.0
834453861.0000001
145373806.0
531958301.99999994
314079225.0
