1134020.2860722481
482.6219214775048
245.64623000001583
482.6219214775048
198688.10428383044
24.402231984614723
37.96874505854701
4.5014550297331875
128339.07231177705
482.6219214775048
37.96874505854701
57.1593744239007
541057.7564568202
24.402231984614723
37.96874505854701
12.252869259826864
2623992.7814112366
41565.868839999996
41565.86884
41565.868839999996
4733601.7820746
898586.807889294
208466377.3952324
61475758.71993251
1544119.0426616713
262708.4555835873
208466377.3952324
15264501.481690813
8943104.09751016
1838758.3660423062
208466377.3952324
146692140.1195084
151946.21730654375
898586.807889294
2081225.5249240596
652661.6569193985
48908.79961613006
262708.4555835873
2081225.5249240596
190536.37927680791
284920.87365340313
1838758.3660423062
2081225.5249240596
1338401.1348548392
4733601.7820746
381003.91783554154
19459765.34268632
6407162.187005455
1544119.0426616713
128339.07231177705
19459765.34268632
1966658.4313716895
8943104.09751016
691675.8154037436
19459765.34268632
12583849.696207054
24.71206292291701
1141.9829396608118
3991166.709910815
108.10825620794107
218.98820366334252
285495734.91491747
5164.229570912505
7942.0044298406365
24.71206292291701
1141.9829396608118
5164.229570912505
24.71206292291701
24.71206292291701
1141.9829396608118
16800368.57806776
602.878873763584
1363919.2675473215
285495734.91491747
16800368.57806776
95602362.3870263
4170552.3774624765
674046.4399937054
18592000.595650055
4117040.000000001
3555330.6101892786
2623992.7814112366
3555330.6101892786
1505940.0000000014
1300476.6966336118
2623992.7814112366
1300476.6966336118
149660.00000000035
129241.10018871046
2623992.7814112366
129241.10018871046
1500021.96985498
3555330.6101892786
803637.8944158143
5983284.744602544
412810.99336924736
3555330.6101892786
229335.87833881917
1763998.0921818668
2552505.567007354
804003.5567253819
6047284.860961382
10179694.099693788
856689.8026081843
251146.19506997903
6047284.860961382
2986768.779747577
21643475.138337944
1526549.1157344289
83982309.54366691
56707060.11638704
4154.731199213399
431772.0633791166
15646.693297629403
5798.780614333146
10518.137249999972
1134020.2860722481
15646.693297629403
15646.693297629403
2566771.4205504227
2265150.9444533414
29327459.685376093
27325180.573446136
102706.80731380971
39127.96318153485
92572.58957524561
685253.2499418195
1404904.0953234106
904577.1828815853
56750.97726134584
112546.91622330446
78522.67876497895
1129866.926305835
97380.99404671288
98834.59686435724
37.96874505854701
2623992.7814112366
1.6994900233858754
353123.5228056038
12.42031499989751
1.6994900233858754
353123.5228056038
12.42031499989751
8.725619575844728
8.725619575844728
401858.7388505647
148331.29690339585
358741.9429051091
685253.2499418195
1404904.0953234106
904577.1828815853
219029.46199461908
442325.07030489243
301966.6640997551
1129866.926305835
380608.7009730094
1306199.3242159842
697085.1797844213
229886.66553900755
3222533.0387459947
1524168.402475489
904577.1828815853
2346084.6844380763
958362.2466214994
529154.7207886934
2902941.7782699303
2105891.480013164
77112.00148386792
24957.87848273148
210599.49795253333
560045.5849269273
3816527.6708100834
2081225.5249240596
35696.601320140275
276861.76510172396
153415.6323142212
3763680.012331669
274370.3516230211
695436.8755246063
229886.66553900755
2344962.7428552345
560045.5849269273
3816527.6708100834
2081225.5249240596
330001.9576504097
3173544.644240871
1702853.4453227906
3763680.012331669
3131420.8657628414
392421.047477645
151946.21730654375
898586.807889294
560045.5849269273
3816527.6708100834
2081225.5249240596
184670.79108708855
1172992.1137721096
652661.6569193985
3763680.012331669
1160091.758292853
1558888.1529115334
1168745.6183845107
1363919.2675473215
10875279.133472534
33381161.445562746
29327459.685376093
5297402.908622542
16849335.19810735
14779576.33378463
637361205.0784105
339746330.36495125
564886.3354607185
437449.32128788676
506836.357857587
10875279.133472534
33381161.445562746
29327459.685376093
1971959.4124090553
6199733.560710531
5459633.598809463
637361205.0784105
124852990.47342238
2024960.25812882
1526549.1157344289
1838758.3660423062
10875279.133472534
33381161.445562746
29327459.685376093
7223936.383155438
23570308.240437623
20406278.10902662
637361205.0784105
475445404.0917178
20000000.0
2623134.8123982614
83982309.54366691
41565.86884
2623992.7814112366
41565.868839999996
2623134.8123982614
83982309.54366691
3875498.9144421215
41565.868839999996
3875498.9144421215
98834.59686435724
459693.79860499996
20000000.0
62900.58058495296
2717791.443840728
12191958.732834598
62900.58058495296
2717791.443840728
12191958.732834598
2268724.007876294
2268724.007876294
269103.0785361065
91798.5960630966
7447551.109363086
685253.2499418195
27587895.49358099
12211064.542324577
135817.73627403163
5718923.394906465
2588732.9790862696
20923863.62495076
4327038.659104456
1338400.0191681664
459693.79860499996
20000000.0
684181.0814997972
27587895.49358099
12191958.732834598
684181.0814997972
27587895.49358099
12191958.732834598
20891125.500373084
20891125.500373084
405226.7995391338
317854.5673263626
554847.232848975
10875279.133472534
17071716.756886456
3555330.6101892786
1431850.5266616282
2395466.4573575743
2431142.7896636715
168667215.9779637
25241680.15828292
3149031.6829148685
2623992.7814112366
4117040.000000001
10875279.133472534
17071716.756886456
3555330.6101892786
10875279.133472534
17071716.756886456
3555330.6101892786
168667215.9779637
168667215.9779637
1558888.1529115334
1168745.6183845107
2120128.107813624
10875279.133472534
17071716.756886456
3555330.6101892786
5297402.908622542
8912868.558019744
8866532.79853635
168667215.9779637
93115740.63121569
11577119.69388604
2084670.0347895226
285495734.91491747
146946818.7468107
6458536.691282869
1095311.1939196202
285495734.91491747
82780092.72223157
4154.731199213399
431772.0633791166
5686567.861179273
15646.693297629403
10513.188747454731
19459765.34268632
5798.780614333146
202496.4509123935
7341660.836756776
1636399.1578886998
619604.4123928312
3563.4124596595702
358741.9429051091
4612296.158359613
15646.693297629403
10513.188747454731
19459765.34268632
6034.68885834293
185591.96351685873
6769154.903250115
1636399.1578886998
707461.6534758656
7972.377519959649
812672.9284354694
10598587.383392356
15646.693297629403
10513.188747454731
19459765.34268632
12265.95080326305
402254.6382946641
14560031.510000922
1636399.1578886998
1377499.7811990485
248030.55333237755
92580.40699952513
529256.46469291
486148.9893990193
560045.5849269273
3816527.6708100834
2578891.1254430865
2081225.5249240596
460414.17687500006
29327459.685376093
112610.82389747331
687966.9172650302
472980.1481248731
384329.2225674138
416398.45537051547
5249095.403855686
3763680.012331669
2115840.6063456694
41908297.1946826
6447779.142123299
680272.1168238793
417194.719776089
7409439.732378053
5234169.930932991
41815828.82865709
7399038.867712098
191286.4105992951
70523.05612947626
391750.4500317071
366554.2354374951
560045.5849269273
3816527.6708100834
2578891.1254430865
2081225.5249240596
460414.17687500006
29327459.685376093
85459.8400359419
505814.0276531836
354609.26680628635
284344.6690617155
313252.648463423
3761117.408643645
3763680.012331669
2115840.6063456694
41908297.1946826
6447779.142123299
499960.82949976414
311815.92633096763
5270730.108100293
3749597.3413718683
41815828.82865709
5262529.926052526
366465.63900368125
251146.19506997903
503666.6121538835
262708.4555835873
10875279.133472534
17071716.756886456
33381161.445562746
3555330.6101892786
29327459.685376093
22852907.860239025
931659.2879428121
1779240.7145612657
2623555.0861863676
1755986.4819243958
2459008.965772808
2163419.375411157
168667215.9779637
637361205.0784105
703820356.5705389
115759697.02267976
14558032.690073147
47518492.42376738
58323941.597900696
49683981.95509484
16324555239.484386
1303409457.3061333
366465.63900368125
24.461949776006275
503666.6121538835
262708.4555835873
1261.7945064789017
17071716.756886456
33381161.445562746
1615.0056792917178
3596.159040016891
22852907.860239025
114.19057823152757
1779240.7145612657
2623555.0861863676
138.4697559679011
300.54241135077547
2163419.375411157
18598.347978642523
77354.99194387655
703820356.5705389
61867.36222872179
2004.6331371773929
7517.454534862403
58323941.597900696
6463.105922027753
1861128.251518221
211659.92583164552
1558888.1529115334
1168745.6183845107
2120128.107813624
1363919.2675473215
10875279.133472534
17071716.756886456
33381161.445562746
3555330.6101892786
29327459.685376093
22852907.860239025
5297402.908622542
8912868.558019744
16849335.19810735
8866532.79853635
14779576.33378463
12064571.9603272
168667215.9779637
637361205.0784105
703820356.5705389
115759697.02267976
93115740.63121569
339746330.36495125
395113960.78303844
316507721.27154964
16324555239.484386
9512033467.773537
1338400.0191681664
459693.79860499996
20000000.0
4523930.0
684181.0814997972
27587895.49358099
5775274.720196249
12191958.732834598
2077969.1750581607
285495734.91491747
684181.0814997972
27587895.49358099
5775274.720196249
12191958.732834598
2077969.1750581607
285495734.91491747
20891125.500373084
5695356.049675657
417056567.7178114
133191248.34840809
20891125.500373084
5695356.049675657
417056567.7178114
133191248.34840809
415768765.2858333
415768765.2858333
146451.91820612302
48832.27539462501
3991166.709910815
262708.4555835873
684181.0814997972
27587895.49358099
5775274.720196249
12191958.732834598
2077969.1750581607
285495734.91491747
72529.0301976323
3015042.547773561
499212.47096926067
1330098.6807319005
190238.2601610866
17143418.250004966
20891125.500373084
5695356.049675657
417056567.7178114
133191248.34840809
2239347.160167
493094.04742596915
37153947.54304627
12617522.63765342
415768765.2858333
37064766.02030965
6458536.691282869
1095311.1939196202
107063.1334685395
285495734.91491747
12211064.542324577
2081225.5249240596
82780092.72223157
3231638.302779961
799112.6499824128
133399970.07003137
61101694.774471484
4517857.951239985
714729.5629620182
74894.67633020754
285495734.91491747
12211064.542324577
2081225.5249240596
52556004.352447934
2228976.51157534
521180.85668750445
133399970.07003137
38786818.75560286
198.63540118169007
16429.721833499043
234914.14767030303
15646.693297629403
10513.188747454731
19459765.34268632
320.0117465944571
11922.451103120598
338984.00089868763
1636399.1578886998
40662.695031728945
554257.7764078765
218854.35303287208
1363919.2675473215
1168745.6183845107
560045.5849269273
3816527.6708100834
2578891.1254430865
2081225.5249240596
460414.17687500006
29327459.685376093
265486.0987447296
1790868.3911377613
1146049.992850937
991129.818628138
1009490.4394585096
14779576.33378463
3763680.012331669
2115840.6063456694
41908297.1946826
6447779.142123299
1771882.1320666804
1019885.9553681101
21062352.998139985
14744650.928586977
41815828.82865709
21039786.124582592
392421.047477645
151946.21730654375
898586.807889294
804003.5567253819
560045.5849269273
3816527.6708100834
2578891.1254430865
2081225.5249240596
460414.17687500006
29327459.685376093
184670.79108708855
1172992.1137721096
784401.3426366561
652661.6569193985
692064.7775748196
9220751.007453108
3763680.012331669
2115840.6063456694
41908297.1946826
6447779.142123299
1160091.758292853
695431.3784962008
13081725.713323595
9196056.083304267
41815828.82865709
13064831.014455115
1031110.987598116
802191.382947016
1393425.4875337514
160.92830462982081
10875279.133472534
17071716.756886456
3505.021951784814
3555330.6101892786
475.0126500000983
6170.836142490364
3891088.7974884612
6273440.862433178
1344.794801973338
6242135.3685201015
1156.9381871400428
2376.00139762326
168667215.9779637
66922.92653324697
73901.13743992189
9116.980438209624
70702496.4980084
27847.383189857384
31962.958471640533
25168.00816897997
1714078.3001462156
782779.6866449735
351411.7733475558
271818.81324666785
462919.57070362533
58.65516599438993
10875279.133472534
17071716.756886456
3505.021951784814
3555330.6101892786
475.0126500000983
6170.836142490364
1484528.759180198
2250408.9737168252
544.1538717840862
2165831.2357627004
454.34035870353944
898.9859287189256
168667215.9779637
66922.92653324697
73901.13743992189
9116.980438209624
28115750.865899418
11688.778034697976
12983.30162106447
9999.226830795644
1714078.3001462156
323659.5976958937
610953.7494260088
218511.92673902967
16800368.57806776
1363919.2675473215
684181.0814997972
27587895.49358099
5775274.720196249
12191958.732834598
2077969.1750581607
285495734.91491747
322829.98887247866
13516743.352893012
2718584.001498405
6206363.988923227
989579.0662405053
95602362.3870263
20891125.500373084
5695356.049675657
417056567.7178114
133191248.34840809
10497813.506962031
2689711.534344018
219871449.85490385
70402027.35306963
415768765.2858333
219431218.33377874
