1225586.0
1673.0
1229.0
1652.0
211635.00000000003
34.0
7.0
4.0
121859.0
1674.0
108.0
131.0
574106.0
34.0
20.0
10.0
2894419.0
39440.0
9946.0
39372.0
4603758.0
876531.9999999999
120774801.99999999
38229534.0
1704365.0
251086.0
114265909.0
8138776.999999999
8989123.0
1987439.0
126880268.0
93076781.0
141000.0
901385.0
2178934.0
554323.0
47910.00000000001
246322.00000000003
2113754.0
131842.0
278694.0
2051364.0
2042322.0
1291664.0
4595948.0
382999.0
26509154.0
6917832.0
1695333.0
121656.00000000001
26409240.0
1814166.0
8981425.0
765513.0
26450502.0
14993318.0
4.0
5128.0
4679698.0
394.0
907.0
245009256.99999997
4798.0
8805.0
1.0
5048.0
4621.0
1.0
58.0
5124.0
20080109.0
2806.0
1421603.0
229686830.99999997
20292879.0
157505432.0
6556260.0
1347820.0
24578462.0
4684836.0
13471787.0
2890802.0
13395989.0
1189168.0
2176677.0
2913626.0
2168504.0
220177.99999999997
496537.0
2904041.0
501172.00000000006
1487911.0
13400674.0
788257.0
3651938.0
412181.0
13435340.0
217089.0
1098415.0
3498851.0
795975.0
24025777.0
6552530.0
1378789.0
287658.0
24024630.0
2584108.0
26017753.0
1512349.0
91210677.0
52845376.99999999
1411.0
538250.0
3741.0
1937.0
2656.0
1229135.0
3739.0
3738.0
3024607.0
2436177.0
41739710.0
33896959.0
114893.0
34323.0
93088.0
654253.0
1636740.0
558164.0
46662.0
140563.0
43489.00000000001
1268233.0
109269.0
130233.0
55.0
2863063.0
5.0
713965.0
129.0
5.0
706862.0
128.0
21.0
21.0
450082.99999999994
139223.0
400373.0
643536.0
1635396.0
554613.0
164019.0
551347.0
191882.0
1270452.0
410060.0
1379524.0
823432.0
235799.0
4032454.0000000005
915440.0000000001
553311.0
2815681.0
561468.0
369618.0
2207903.0
1363024.0
88226.0
21446.0
161667.0
706185.0
6249560.0
2179830.0
31417.0
278731.0
77981.0
9891317.0
822910.0000000001
871420.0
233901.0
1883546.0
706551.0
6103454.0
2098266.0
430311.0
5486426.0
1711138.0
9484804.0
11607200.0
509830.99999999994
142448.0
876307.0000000001
694622.0
6054992.0
2167509.0
169092.0
1864038.0
554050.0
8404101.0
2612860.0
1507423.0
1114420.0
1424792.0
12652049.0
19245385.0
42279167.0
6699442.0
13795746.0
16738807.0
467065621.0
234384477.0
552808.0
392832.0
523879.0
12736949.0
18438454.0
41916044.0
2686147.0
6034564.0
6775508.0
455938745.0
95655494.0
1889354.0
1521734.0
2075298.0
12682695.0
19171475.0
42199291.0
8603998.0
19552403.0
22711205.0
459174434.0
299320404.0
40656734.0
236292.0
91190425.00000001
9949.0
2900176.0
39430.0
231484.99999999997
91119699.0
1825522.0
39415.0
1822492.0
129055.00000000001
403355.99999999994
40695342.0
51631.0
4383810.0
14306261.0
52053.0
4399739.0
14312517.0
2497742.0
2506604.0
315394.0
88679.0
8124498.000000001
639055.0
40017059.0
16185650.0
109935.99999999999
7526923.0
3059627.0
28249599.0
5368900.0
1473894.0
400032.00000000006
40510532.0
565291.0
39964511.0
14312793.0
576191.0
40109145.0
14363878.000000002
25420015.0
25495383.0
427996.99999999994
290519.0
579363.0
12712960.0
9338239.0
13389159.0
2045119.0000000002
1541080.0
1553739.0
110103142.99999999
16561582.0
2651799.0
2908063.0
4498874.0
12758650.0
9299969.0
13426721.0
12757359.0
9281009.0
13414464.0
108729128.00000001
109077467.0
1496078.0
1102882.0
2203196.0
12698288.0
9296119.0
13389078.0
6701049.0
5052976.0
5566735.0
109310268.00000001
55102637.0
14684588.0
2141860.0
248299469.0
222463711.00000003
6129931.0
789270.0
238334980.0
88131581.00000001
1409.0
536555.0
7016231.0
3739.0
146089.0
26463256.0
1937.0
73000.0
10847515.0
201823.0
102025.00000000001
691.0
400579.0
4507470.0
3738.0
146610.0
26560617.999999996
1068.0
37315.0
8326382.000000001
201562.00000000003
56987.0
2137.0
965548.0000000001
11891889.0
3739.0
145964.0
26581725.0
3056.0
112637.00000000001
19630593.0
201420.00000000003
161945.0
324482.0
87615.0
493865.99999999994
500828.99999999994
708478.0
6656433.0
7254172.0
2260883.0
1564325.0
41653964.0
103646.0
1022254.9999999999
1008006.0
290528.0
241346.99999999997
5803730.0
10428705.0
3166890.0
262798048.00000003
27807869.0
1509464.0
529598.0
40661180.0
4287334.0
138125268.0
20233867.0
262529.0
67410.0
366603.0
396471.0
695555.0
6227161.0
7232500.0
2165411.0
1533294.0
42342148.0
76908.0
635586.0
741996.0
190985.0
178421.0
4265095.0
10004142.0
3145990.0
262337139.0
31996838.0
1092353.0
406351.99999999994
30353168.0
3668368.0
153364437.0
17119857.0
296825.0
287821.0
599450.0
246856.0
12700951.0
9299978.0
19441257.0
13365583.0
41770345.00000001
25639261.000000004
1032022.9999999999
938965.0
1293881.0
1353190.0
2702230.0
1454174.0
109233037.0
461017141.00000006
603003057.0
324384841.0
9829184.0
35605658.0
39550818.0
18036542.0
5016817442.0
291358616.0
301631.0
5.0
607277.0
249578.0
178.0
9311474.0
18886080.0
163.0
434.0
25797344.0
37.0
939455.0000000001
1372728.0
34.0
61.0
1548661.0
2133.0
5069.0
598958470.0
14821.0
525.0
907.0
39378697.0
3060.0
212325.0
42117.00000000001
1520470.0
1094231.0
2177857.0
1441561.0
12706124.0
9300882.0
18628349.0
13378452.999999998
42222491.0
25265992.0
6752269.0
5071213.0
13396792.0
5572644.0
16728688.0
15406990.0
108846044.0
458692366.0
611788398.0
325842848.0
54485906.0
233163026.99999997
382529159.0
146176742.0
5028901824.0
3082507093.0
1500786.0
391118.0
41007547.00000001
2908918.0
571745.0
39943550.0
5218986.0
14255749.0
1757667.0
237139569.0
567702.0
40019170.0
5304852.0
14289877.0
1927989.0
244961827.00000003
25539730.0
10557197.0
1782697944.0
72982887.0
25502751.0
9868867.0
1767334967.0
73105750.0
1054560377.0
1071502181.0
192867.0
46066.0
4582800.0
240906.00000000003
571472.0
40095778.0
5278413.0
14495811.999999998
1928721.0
246269662.0
51102.0
4186274.0
344937.0
1587648.0
110488.00000000001
17199859.0
25481270.0
8792107.0
1769461382.0
72913888.0
2821615.0
1127271.0
144513946.0
6926630.0
1065258129.0
109706454.00000001
6004942.0
768571.0
81184.0
236321795.0
16113035.0
2372797.0
89401451.0
3361265.0
697437.0
80535417.0
23098549.0
4517950.0
544272.0
59605.0
252877473.0
16256274.0
2255637.0
61323032.0
2430266.0
447064.00000000006
80592233.0
16263147.0
48.0
17538.0
195060.0
3741.0
145814.0
26587398.000000004
73.0
2639.0
444438.0
201507.0
3941.0
753339.0
206827.0
1513902.0
1103012.0
697584.0
6369412.0
7232387.0
2167820.0
1537596.0
42200507.0
245534.0
3258892.0
2749610.0
849447.9999999999
614918.0
16901992.0
10558061.0
3166795.0
263050064.00000003
28592082.0
4822977.0
1326677.0
105547521.0
13887986.000000002
120496701.0
69617163.0
513669.0
144948.0
921829.9999999999
784813.0
703466.0
6074867.0
7230487.0
2160578.0
1531047.0
42534297.0
170573.0
1947092.0
1801701.0
559495.0
413509.0
10911183.0
9137917.0
3162698.0
261705565.00000003
25622127.0
2870772.0
887768.9999999999
70398188.0
8133910.0
126898351.99999999
40141821.0
1067057.0
706562.0
1411875.0
85.0
12683506.0
9331419.0
1790.0
13401684.0
1222.0
6816.0
5127168.0
3779950.0
664.0
3836338.0
423.00000000000006
1080.0
108586159.0
10185.0
40926.0
49212.99999999999
41176558.0
4770.0
13092.0
8917.0
539857.0
190788.0
397923.0
253094.99999999997
542902.0
44.0
12716711.0
9298627.0
1923.0
13442262.0
1225.0
6877.0
1826011.0
1414204.0
339.0
1436182.0
210.0
413.0
108399532.00000001
10522.0
41105.0
48910.0
15082228.0
2259.0
5413.0
3548.0
541163.0
78981.0
702709.0
184577.0
19863177.0
1409685.0
573574.0
40091030.0
5342534.0
14346461.0
1925664.0
235364396.99999997
222167.0
18141911.0
2263186.0
6995339.0
731852.0
160437679.0
25494597.0
9437988.0
1800583127.0
73081416.0
11685836.999999998
5200065.0
954196249.0
33610816.0
1059942215.0
491726925.00000006
