859305.5581107821
232.47145938245598
99.95671949775348
232.47145938245598
143787.1562233283
9.299912349516564
1.0
2.346953674252175
109177.01938238452
232.47145938245598
3.91593580575717
9.005261549165402
405991.78880251694
9.299912349516564
2.0441791732148054
4.728402323054769
1679643.8850956927
141293.91815419018
28775.056823504645
141293.91815419018
4809387.378842776
863313.9074562914
161782420.51042467
44990494.42796513
1687050.5385837636
207061.79605445897
161782420.51042467
9145169.128706522
8884530.559987577
1886748.288365393
161782420.51042467
107602420.03126419
64673.87200603591
863313.9074562914
1307715.4584692733
337909.24755919713
23332.751054910535
207061.79605445897
1307715.4584692733
106170.11654863587
118589.9158963213
1886748.288365393
1307715.4584692733
740859.724048781
4809387.378842776
293226.81693350425
18052927.583614178
5913758.956547654
1687050.5385837636
109177.01938238452
18052927.583614178
1767015.14904495
8884530.559987577
515876.58273217245
18052927.583614178
11768599.176400369
1.0
458.0102928732802
5895792.01265454
30.182911894142972
722.8944359689556
148319326.61825427
3171.4397813543414
24422.03054692511
1.0
458.0102928732802
3171.4397813543414
1.0
4.123924848154884
458.0102928732802
21172431.928704724
228.18074381951908
1356295.9575640326
148319326.61825427
21172431.928704724
72554392.86265078
4498953.832133851
688060.8456021086
21290782.407686472
7368752.648451226
15424695.828821637
1679643.8850956927
15424695.828821637
2697338.7593497555
5141459.833884741
1679643.8850956927
5141459.833884741
273591.64960268897
596769.142447336
1679643.8850956927
596769.142447336
3246432.0211324575
15424695.828821637
534433.7462699744
5912644.513956102
861071.4012490022
15424695.828821637
142454.89850772318
1632796.4419939134
5511820.202140621
534945.7356695484
27344996.64120829
10473152.441466155
2049848.5460517015
190089.2529415335
27344996.64120829
3549995.6483672243
26577154.2666353
972209.2716309445
79554071.27032058
56268466.09417822
3041.933348611188
325003.4861959467
11738.080866637232
4533.418752865632
7251.534396439628
859305.5581107821
11738.080866637232
11738.080866637232
2725027.1812512316
1436126.0609962156
31916802.165445693
28567800.578121617
117157.8749808065
15350.705851057768
67427.11824689999
267322.9953556586
1320401.4784087788
401630.5109503481
43079.977778513574
110124.16608914494
35560.036413684305
802389.6287762199
76941.95408058238
119018.18616083999
3.998721961584909
1679643.8850956927
1.5537246846417052
337433.3926937354
33.017769412345
1.5537246846417052
337433.3926937354
33.017769412345
6.187386085451309
6.187386085451309
450375.74495947314
58307.81067119188
256552.12809234098
267322.9953556586
1320401.4784087788
401630.5109503481
166431.10101835825
417363.4454588181
135534.82766821593
802389.6287762199
292185.0918291747
1063297.4450226277
449022.69015165686
78717.12525790193
3003637.185341413
529137.5201663289
401630.5109503481
2150930.152343124
609068.7815880383
217028.4996092314
2199820.8760252646
1598896.3067092367
82692.92380050686
9477.90734830819
108613.79974221361
231122.1364402751
5297825.074200103
1307715.4584692733
31068.976539252995
270385.4749804407
61906.01894671238
7909943.943740404
208319.38737948384
708231.3184896164
78717.12525790193
1982927.5097787494
231122.1364402751
5297825.074200103
1307715.4584692733
246085.07794183108
3931986.247965872
959107.3393100029
7909943.943740404
3131863.7449015244
467154.02140711556
64673.87200603591
863313.9074562914
231122.1364402751
5297825.074200103
1307715.4584692733
167654.4969712664
1501830.2511210556
337909.24755919713
7909943.943740404
1089988.2775752319
1561811.0046311794
754343.7637826385
1356295.9575640326
10151952.362554872
34745817.57709985
31916802.165445693
4971828.748673507
16513772.32609847
15066630.00004707
674526829.3182917
360170995.9580118
555267.0446160659
270890.7301952111
534803.5348447331
10151952.362554872
34745817.57709985
31916802.165445693
1906886.7820241782
6046263.7363686105
5787590.233590721
674526829.3182917
142245775.37782067
2013541.5632195235
972209.2716309445
1886748.288365393
10151952.362554872
34745817.57709985
31916802.165445693
6865650.061984746
23519148.165941715
20571024.228820633
674526829.3182917
507386082.612987
36002965.1569004
1368796.4752648931
79554071.27032058
28775.056823504645
1679643.8850956927
141293.91815419018
1368796.4752648931
79554071.27032058
12127222.880275918
141293.91815419018
12127222.880275918
119018.18616083999
172256.74601726097
36002965.1569004
21123.236492614316
2711115.291800497
5172951.07217259
21123.236492614316
2711115.291800497
5172951.07217259
1069399.5927989462
1069399.5927989462
328687.8356245841
41023.307610505464
10304985.059632342
267322.9953556586
26449282.677730642
5193849.173273187
117320.06289225849
5806475.737469387
1230356.2210652018
13529838.898123981
3444751.79606424
1497193.0890653396
172256.74601726097
36002965.1569004
265720.43076422345
26449282.677730642
5172951.07217259
265720.43076422345
26449282.677730642
5172951.07217259
13452546.467345446
13452546.467345446
400847.25458388776
196608.77937543704
1127142.9349583872
10151952.362554872
17342363.120520063
15424695.828821637
1404241.9550766493
2343120.7859150255
2206010.1428037784
168525619.51647136
27248954.980529305
2963534.945073441
1679643.8850956927
7368752.648451226
10151952.362554872
17342363.120520063
15424695.828821637
10151952.362554872
17342363.120520063
15424695.828821637
168525619.51647136
168525619.51647136
1561811.0046311794
754343.7637826385
4331743.543142106
10151952.362554872
17342363.120520063
15424695.828821637
4971828.748673507
8884722.260229403
8295001.9670456685
168525619.51647136
94955843.469067
8756059.651120411
1641640.5053395857
148319326.61825427
102506651.56313556
4798076.438990204
769995.5690243387
148319326.61825427
54635042.509142175
3041.933348611188
325003.4861959467
5398517.849880506
11738.080866637232
369681.39049149986
18052927.583614178
4533.418752865632
155291.329352839
6654916.333044432
1308591.374549534
468418.0530354696
2385.9129201594005
256552.12809234098
4455131.746510256
11738.080866637232
369681.39049149986
18052927.583614178
4694.713675467141
142263.7822608553
6437173.80607283
1308591.374549534
599517.5087388349
5604.292368145787
596964.3233036853
10143062.711435268
11738.080866637232
369681.39049149986
18052927.583614178
9523.132611510884
307871.0573496783
13528129.934693318
1308591.374549534
1101347.0428926365
302434.84748495306
41170.23223251222
471792.04873006156
338336.9562941115
231122.1364402751
5297825.074200103
2395668.6714077005
1307715.4584692733
490450.4333791402
31916802.165445693
107898.26380741545
892796.6066210149
428236.1133245451
202499.169106318
99461.89897632466
4952365.623739736
7909943.943740404
1615253.3832109438
59557053.77188513
1740299.1158514288
625543.8342345833
319393.83801079006
9863145.517634843
275750.93223047495
52182626.722216144
8981947.657570139
238026.96457603757
32467.57202385769
328510.3726115583
264055.0054743374
231122.1364402751
5297825.074200103
2395668.6714077005
1307715.4584692733
490450.4333791402
31916802.165445693
84681.29410073222
671874.6823191682
320317.3896795323
153614.64047500424
76968.47978296052
3410592.372370642
7909943.943740404
1615253.3832109438
59557053.77188513
1740299.1158514288
461244.48192802357
236790.14863771727
6875386.437804203
206892.6198845667
52182626.722216144
6177735.98874737
395589.59465826023
190089.2529415335
1208577.4625206613
207061.79605445897
10151952.362554872
17342363.120520063
34745817.57709985
15424695.828821637
31916802.165445693
39136263.227513075
819051.5846343875
1956789.3334302683
2230290.028193898
2026226.826341548
1948891.4712061018
3786744.513213943
168525619.51647136
674526829.3182917
816398069.4145074
52082281.24204751
13265583.093367694
40874025.69126521
56465367.14869218
4623654.176620819
17545895411.082397
1051332566.971313
395589.59465826023
6.456333935453859
1208577.4625206613
207061.79605445897
1962.000448145052
17342363.120520063
34745817.57709985
585.2699836050151
2433.831507455956
39136263.227513075
262.67264347610615
1956789.3334302683
2230290.028193898
37.43503652660276
144.19605257286264
3786744.513213943
27443.560720644247
113531.6595553789
816398069.4145074
34073.05320216204
3679.8729965999087
15199.619939860464
56465367.14869218
2145.133715877932
2638020.2478792053
353728.86096926976
1561811.0046311794
754343.7637826385
4331743.543142106
1356295.9575640326
10151952.362554872
17342363.120520063
34745817.57709985
15424695.828821637
31916802.165445693
39136263.227513075
4971828.748673507
8884722.260229403
16513772.32609847
8295001.9670456685
15066630.00004707
19679866.175622303
168525619.51647136
674526829.3182917
816398069.4145074
52082281.24204751
94955843.469067
360170995.9580118
408951608.6011745
28360602.799162034
17545895411.082397
10476069401.496296
1497193.0890653396
172256.74601726097
36002965.1569004
3111289.2642341633
265720.43076422345
26449282.677730642
7948917.327925021
5172951.07217259
1292138.2489421018
148319326.61825427
265720.43076422345
26449282.677730642
7948917.327925021
5172951.07217259
1292138.2489421018
148319326.61825427
13452546.467345446
9093402.027072154
486854739.8129518
74849933.26917592
13452546.467345446
9093402.027072154
486854739.8129518
74849933.26917592
831087315.7293917
831087315.7293917
186021.3242373991
23317.49629633645
5895792.01265454
207061.79605445897
265720.43076422345
26449282.677730642
7948917.327925021
5172951.07217259
1292138.2489421018
148319326.61825427
65812.43767602365
3233170.0151499296
629443.8619001972
676177.3378259209
105601.10125233882
9998288.156818269
13452546.467345446
9093402.027072154
486854739.8129518
74849933.26917592
1888873.4982035335
456713.89212195517
37520084.834214985
5228148.194633022
831087315.7293917
35608574.089920744
4798076.438990204
769995.5690243387
37103.20295852491
148319326.61825427
5193849.173273187
1307715.4584692733
54635042.509142175
1068590.030472934
337213.617128436
75535016.29616526
23506076.916615687
3508473.7066128883
477359.5700643979
26250.489577912133
148319326.61825427
5193849.173273187
1307715.4584692733
33324747.749435045
737528.2475789288
210144.60911876208
75535016.29616526
13462376.19318342
147.73717304553836
12834.922928837575
244915.9325361039
11738.080866637232
369681.39049149986
18052927.583614178
227.45367472249313
8730.684660040517
322903.8280280532
1308591.374549534
27890.682532939303
645877.5547834715
90775.38269504956
1356295.9575640326
754343.7637826385
231122.1364402751
5297825.074200103
2395668.6714077005
1307715.4584692733
490450.4333791402
31916802.165445693
233318.55860321468
2294214.43497748
1069368.4380435264
517344.0773823511
230586.98661032657
15066630.00004707
7909943.943740404
1615253.3832109438
59557053.77188513
1740299.1158514288
1727280.5748349368
812157.8928367553
29238600.307646364
745543.1738308481
52182626.722216144
27236928.39362827
467154.02140711556
64673.87200603591
863313.9074562914
534945.7356695484
231122.1364402751
5297825.074200103
2395668.6714077005
1307715.4584692733
490450.4333791402
31916802.165445693
167654.4969712664
1501830.2511210556
728657.2554143225
337909.24755919713
159595.33051550778
9198182.605961366
7909943.943740404
1615253.3832109438
59557053.77188513
1740299.1158514288
1089988.2775752319
548635.1929763795
18261653.754492942
467051.776087404
52182626.722216144
16822782.076345306
1005793.1783962509
490288.75830830104
2661090.755736876
93.68057178929786
10151952.362554872
17342363.120520063
2956.9405908073713
15424695.828821637
2866.8594267877615
2772.0639936487682
3761322.6382713737
6087111.945586877
1186.419513233612
5436245.685177617
1071.7911316777906
1077.4467286629044
168525619.51647136
61728.21138653269
65070.298335196385
49980.85760973624
74838278.1984858
26968.772730183468
29261.216027352566
21595.19452209885
1605683.7086760448
798430.0917447129
335339.5619878776
163016.4775245663
805104.7325877411
34.50608179365628
10151952.362554872
17342363.120520063
2956.9405908073713
15424695.828821637
2866.8594267877615
2772.0639936487682
1447426.1421994737
2180070.5540681006
506.97349014193276
1786696.2767697484
420.88627130472344
396.44847055916176
168525619.51647136
61728.21138653269
65070.298335196385
49980.85760973624
29670818.70434221
11224.530578218599
11723.064898109493
8311.86918486914
1605683.7086760448
323899.62423520745
710875.2562656607
90712.35572503755
21172431.928704724
1356295.9575640326
265720.43076422345
26449282.677730642
7948917.327925021
5172951.07217259
1292138.2489421018
148319326.61825427
258788.0206455956
13121666.558222571
3404527.080077591
2762572.289253587
514995.0942481035
72554392.86265078
13452546.467345446
9093402.027072154
486854739.8129518
74849933.26917592
8068794.436291411
2754500.9929278367
245186956.28364453
31432140.956185166
831087315.7293917
239101658.91155747
