51253.114519
0.020051
0.003364
0.020051
1573083.852598
0.005104
0.002782
0.013463
575977.706983
0.020051
0.008539
0.032434
636836.511544
0.005104
0.001491
0.006654
109312.739954
162941.030686
159101.627501
162941.030686
1173757.056099
1068230.446853
129380.062401
1233763.251482
1110201.419006
1010388.143896
129380.062401
1166957.951983
1383992.633059
1259567.465140
129380.062401
1454747.813872
166653.168123
1068230.446853
108926.090087
174997.364772
157477.452752
1010388.143896
108926.090087
165362.246291
197201.413379
1259567.465140
108926.090087
207075.055875
1173757.056099
605705.138109
58933.358395
697216.052771
1110201.419006
575977.706983
58933.358395
662998.443504
1383992.633059
703548.882541
58933.358395
809838.084664
2327.744209
15424.002714
1114053.459493
2690.593085
966129.128867
129862.690981
1065254.246274
1119712.508788
2209.932166
15424.002714
1065254.246274
2554.418446
2650.021555
15424.002714
1244797.156184
3063.100298
1128968.174822
129862.690981
1244797.156184
1308435.581248
1816976.852472
1243895.490684
3055935.159660
2002508.043073
2050753.413822
109312.739954
2050753.413822
2509968.365411
2570740.778710
109312.739954
2570740.778710
3234274.756953
3312609.813365
109312.739954
3312609.813365
4050541.137795
2050753.413822
3214627.304111
4147730.253328
3528901.680254
2050753.413822
2701045.523884
3613580.099886
1142900.098879
1041009.566216
2061401.035249
1170214.947330
1080225.364358
984641.565942
2061401.035249
1106042.359977
1388792.630034
1227470.411110
126536.343216
1422593.888075
66152.157877
1210255.763244
26746.367228
144226.745315
144345.471004
51253.114519
26746.367228
26746.367228
1921847.449017
1872875.638167
114909.770438
1968621.730528
898226.117866
456402.488067
1492466.945477
451624.985167
1071622.836066
50384.215509
193437.116736
2239968.512527
466588.312168
186833.936034
230202.250471
866277.209864
0.000799
109312.739954
0.016368
887071.795324
0.000818
0.016368
887071.795324
0.000818
0.016752
0.016752
949414.861077
483821.505256
1573083.852598
451624.985167
1071622.836066
50384.215509
203236.689787
2345528.075480
489925.900599
186833.936034
240372.541737
464436.794029
909856.713210
162317.598415
527966.404255
192130.697549
50384.215509
798116.462342
158564.052869
81987.614343
91128.008490
54130.018164
84591.978868
54496.633792
287907.035784
331196.737028
1789241.023975
108926.090087
24417.285885
88792.842790
57185.102594
347653.601370
25607.900847
574001.985130
162317.598415
2882410.966069
331196.737028
1789241.023975
108926.090087
188709.056734
602691.003320
170379.578298
347653.601370
197972.536775
293119.170216
166653.168123
1068230.446853
331196.737028
1789241.023975
108926.090087
52044.789528
307888.288036
174997.364772
347653.601370
54617.315464
296342.154373
1100199.299094
1128968.174822
897020.041159
920336.093778
114909.770438
303484.244485
311315.014717
1156445.368205
942539.260311
318817.961649
909767.572712
2701045.523884
2771664.686933
897020.041159
920336.093778
114909.770438
931694.427660
955731.850618
2839119.662758
942539.260311
978766.515366
334347.420414
1227470.411110
1259567.465140
897020.041159
920336.093778
114909.770438
342405.445796
351240.432114
1290223.571618
942539.260311
359705.592084
123537.335540
183720.579386
126536.343216
159101.627501
109312.739954
162941.030686
183720.579386
126536.343216
188154.069717
162941.030686
188154.069717
866277.209864
219847.330251
123537.335540
560693.001280
1000106.753157
253668.428792
560693.001280
1000106.753157
253668.428792
645424.924748
645424.924748
1061006.603076
543836.067768
3512437.286625
451624.985167
2722530.780182
119712.687193
224404.444349
1225695.276312
628269.925938
519940.121975
258527.807899
2358772.439497
219847.330251
123537.335540
606466.801144
2722530.780182
253668.428792
606466.801144
2722530.780182
253668.428792
697947.067038
697947.067038
883907.673993
2608743.404466
3433152.423047
897020.041159
1186162.849854
2050753.413822
905211.543889
3118144.435803
3515534.353168
1214530.552882
3192406.787399
875889.159405
109312.739954
2002508.043073
897020.041159
1186162.849854
2050753.413822
897020.041159
1186162.849854
2050753.413822
1214530.552882
1214530.552882
296342.154373
1100199.299094
1201050.708434
897020.041159
1186162.849854
2050753.413822
303484.244485
936469.698500
1229872.610026
1214530.552882
958772.809476
765112.292645
693127.657352
129862.690981
803630.883427
369048.341243
334323.542633
129862.690981
387628.018036
66152.157877
1210255.763244
2152483.330967
26746.367228
166125.314618
58933.358395
144226.745315
76185.469518
1393052.562841
30687.789790
165613.857566
86625.335681
1573083.852598
3045383.556780
26746.367228
166125.314618
58933.358395
182517.613320
99762.612268
1810667.131940
30687.789790
209580.997998
86625.335681
1573083.852598
3045383.556780
26746.367228
166125.314618
58933.358395
182517.613320
99762.612268
1810667.131940
30687.789790
209580.997998
282568.765084
161090.553475
1033184.296539
1006856.670938
331196.737028
1789241.023975
1744041.426861
108926.090087
106156.370382
114909.770438
50299.221226
296806.310956
289361.333189
169156.245510
164881.087241
1058330.134461
347653.601370
338948.038062
1832294.157604
111495.223673
52785.468690
51472.930991
303941.130497
173136.568821
355790.058830
54017.193889
279133.003133
159274.588006
1021729.976705
995694.307995
331196.737028
1789241.023975
1744041.426861
108926.090087
106156.370382
114909.770438
49729.533764
293197.441114
285842.983570
167249.359334
163022.395760
1046597.023635
347653.601370
338948.038062
1832294.157604
111495.223673
52187.623085
50889.950821
300245.511428
171184.817015
355790.058830
53405.398562
262394.175308
984641.565942
1069023.026573
1010388.143896
897020.041159
1186162.849854
920336.093778
2050753.413822
114909.770438
2103434.608268
268718.136395
824842.147434
275651.826501
1094676.815695
1034979.136864
1122645.060932
1214530.552882
942539.260311
1245379.896533
2154111.550335
844486.789431
282295.310044
865802.768395
1149585.632608
1275163.810790
886422.936897
262394.175308
1545.422137
1069023.026573
1010388.143896
3034.926462
1186162.849854
920336.093778
10281.529347
10185.580823
2103434.608268
5097.590061
824842.147434
275651.826501
1628.971218
1623.075548
1122645.060932
6609.415987
3186.750644
1245379.896533
10792.904444
3923.993355
5351.023972
865802.768395
1709.498557
6935.011798
4116.098363
296342.154373
1100199.299094
1201050.708434
1128968.174822
897020.041159
1186162.849854
920336.093778
2050753.413822
114909.770438
2103434.608268
303484.244485
936469.698500
311315.014717
1229872.610026
1156445.368205
1261294.841156
1214530.552882
942539.260311
1245379.896533
2154111.550335
958772.809476
318817.961649
982973.420854
1291562.430371
1275163.810790
1006384.071171
2358772.439497
219847.330251
123537.335540
112186.319741
606466.801144
2722530.780182
2477891.559759
253668.428792
230873.945442
129862.690981
606466.801144
2722530.780182
2477891.559759
253668.428792
230873.945442
129862.690981
697947.067038
636465.994900
2860019.857646
266391.366941
697947.067038
636465.994900
2860019.857646
266391.366941
732471.379515
732471.379515
265873.399541
168040.977553
1114053.459493
1010388.143896
606466.801144
2722530.780182
2477891.559759
253668.428792
230873.945442
129862.690981
52089.054724
307154.371352
279243.554655
194057.828671
176432.900712
1171006.907409
697947.067038
636465.994900
2860019.857646
266391.366941
59989.173385
54652.244027
322600.448335
203749.024557
732471.379515
62941.110334
369048.341243
334323.542633
62299.595811
129862.690981
119712.687193
108926.090087
387628.018036
71972.972599
65372.979157
125733.319275
75523.565546
342516.163105
310287.945824
58274.114299
129862.690981
119712.687193
108926.090087
359760.053046
67322.501231
61148.924715
125733.319275
70643.691279
14591.213463
374576.931422
610881.071129
26746.367228
166125.314618
58933.358395
43745.220842
16804.973798
431175.194876
30687.789790
50234.534415
311540.443263
176317.192920
1128968.174822
1100199.299094
331196.737028
1789241.023975
1744041.426861
108926.090087
106156.370382
114909.770438
55079.284234
327237.692871
319029.413606
185145.238795
180465.979253
1156445.368205
347653.601370
338948.038062
1832294.157604
111495.223673
57801.796192
56364.527595
335104.001104
189501.751282
355790.058830
59150.567651
293119.170216
166653.168123
1068230.446853
1041009.566216
331196.737028
1789241.023975
1744041.426861
108926.090087
106156.370382
114909.770438
52044.789528
307888.288036
300165.342921
174997.364772
170574.579486
1094229.288377
347653.601370
338948.038062
1832294.157604
111495.223673
54617.315464
53259.228754
315289.489300
179115.118368
355790.058830
55891.783288
909767.572712
2701045.523884
3528901.680254
12523.016144
897020.041159
1186162.849854
28024.037278
2050753.413822
18326.543699
367414.272474
931694.427660
3198432.212831
14734.793887
3613580.099886
12824.221446
151825.543900
1214530.552882
28694.807893
142165.007856
376192.283321
3274605.713516
15085.822042
102194.445798
155430.110554
145534.121210
104602.046877
787786.441431
2270360.849252
3076107.030098
10904.690937
897020.041159
1186162.849854
28024.037278
2050753.413822
18326.543699
367414.272474
806774.598549
2817233.051708
12973.937587
3149925.194512
11166.992105
134265.401432
1214530.552882
28694.807893
142165.007856
376192.283321
2884332.364493
13283.038145
90913.409091
137453.288603
145534.121210
93055.388216
300139.048139
188224.508973
1244797.156184
1128968.174822
606466.801144
2722530.780182
2477891.559759
253668.428792
230873.945442
129862.690981
58253.201891
346739.522159
315232.243201
217365.792339
197624.351392
1308435.581248
697947.067038
636465.994900
2860019.857646
266391.366941
67088.071511
61119.698028
364176.130534
228220.935571
732471.379515
70389.309097
