1293400.0
12200.0
300.0
12200.0
1272100.0
6400.798820319775
98.23033473788708
6302.0900919179585
1263100.0
12200.0
200.0
6499.999999999998
1283000.0
6400.798820319775
99.18458589818374
6355.70380461365
2534132.0
2528100.0
40300.0
2528100.0
13287734.0
2142487.0
246094544.0
142830346.0
12883667.0
734649.0
246094544.0
102933579.0
13605756.0
3200313.0
246094544.0
175504583.0
443900.0
2142487.0
3989300.0
3240200.0
410400.0
734649.0
3989300.0
2117200.0
448600.0
3200313.0
3989300.0
3662300.0
13287734.0
1277500.0
731795047.0
720219071.0
12883667.0
1263100.0
731795047.0
709431171.0
13605756.0
1286400.0
731795047.0
726357471.0
73.92366813810116
65542.81688708712
32383183.0
52044.04203866992
1800.0
268116921.0
416300.0
1067900.0
25.628115377558892
65542.81688708712
416300.0
17402.074965793014
87.06197929676188
65542.81688708712
33051671.0
58331.789417608146
2772885.0
268116921.0
33051671.0
208425231.0
32732951.0
28613456.0
33138857.0
6742800.0
419986600.0
2534132.0
419986600.0
2487700.0
154820100.0
2534132.0
154820100.0
270200.0
16980200.0
2534132.0
16980200.0
6666000.0
419986600.0
2444852.0
415268200.0
6594600.0
419986600.0
2347004.0
410646000.0
11446300.0
2444852.0
724515600.0
714480700.0
11320300.0
2356474.0
724515600.0
707538700.0
33156463.0
2493723.0
1748252830.0
1735257002.0
11300.0
1283200.0
736600.0
719200.0
11600.0
1293400.0
736600.0
736600.0
3819104.0
2506103.0
37465852.0
31266268.0
1406800.0
384700.0
1259500.0
5958000.0
89846800.0
5355100.0
5798100.0
87665600.0
5212900.0
373790000.0
364134500.0
118400.0
99.91869771418841
2534132.0
56330.82392837863
7372000.0
6403.16122417185
56330.82392837863
7372000.0
6403.161224171849
3589211.465071538
3589211.465071538
1433300.0
446200.0
1282400.0
5958000.0
89846800.0
5355100.0
5925700.0
89264200.0
5322000.0
373790000.0
371845500.0
2624100.0
1288400.0
449300.0
164570900.0
10946400.0
5355100.0
162688900.0
10866300.000000002
5344600.0
682961900.0000001
678130400.0
1214400.0
340900.0
257149.0
5084600.0
6318000.0
3989300.0
4983000.0
4307200.0
1027500.0
26418000.0
18818100.0
1235300.0
449300.0
2999089.0
5084600.0
6318000.0
3989300.0
5079600.000000001
5929800.0
3773300.0
26418000.0
25661000.0
1228900.0
443900.0
2142487.0
5084600.0
6318000.0
3989300.0
5054200.0
5163800.0
3240200.0
26418000.0
22903700.0
2583800.0
2474099.0
2772885.0
165267600.0
39290400.0
37465852.0
160527500.0
25059900.0
26361878.0
2477528200.0
1598763400.0
2532500.0
2415989.0
1151612.0
165267600.0
39290400.0
37465852.0
157554500.0
20196500.0
21292329.0
2477528200.0
1308364300.0
2605800.0
2493723.0
3200313.0
165267600.0
39290400.0
37465852.0
162015100.0
27914400.0
28860433.0
2477528200.0
1793605300.0
33374508.0
29363500.0
1748252830.0
40300.0
2534132.0
2528100.0
29363500.0
1748252830.0
1882635200.0
2528100.0
1882635200.0
118400.0
461172.0
33374508.0
488400.0
86948400.0
137709795.0
488400.0
86948400.0
137709795.0
360829300.0
360829300.0
1422400.0
437800.0
32688901.0
5958000.0
1066253900.0
137711927.0
5873900.0
1054330200.0
135169557.0
4422045900.0
4373492300.0
1443300.0
461172.0
33374508.0
5954400.0
1066253900.0
137709795.0
5954400.0
1066253900.0
137709795.0
4421077200.0
4421077200.0
2520800.0
2395938.0
6628300.0
165267600.0
1910869700.0000002
419986600.0
156950000.0
1849248700.0
413150800.0
120471769900.00002
116754992800.0
2658700.0
2534132.0
6742800.0
165267600.0
1910869700.0000002
419986600.0
165267600.0
1910869700.0000002
419986600.0
120471769900.00002
120471769900.00002
2583800.0
2474099.0
6691300.0
165267600.0
1910869700.0000002
419986600.0
160527500.0
1878713200.0000002
416673900.0
120471769900.00002
118411697400.00002
33200407.0
2363330.0
268116921.0
231601208.0
32968765.0
1158261.0
268116921.0
203124608.0
11300.0
1283200.0
13514049.0
736600.0
8021300.0
731795047.0
719200.0
7799000.0
724683971.0
501863000.0
489014000.0
11300.0
1282400.0
13403201.0
736600.0
8021300.0
731795047.0
723900.0
7781100.0
723304771.0
501863000.0
491551400.0
11500.0
1287200.0
13667744.0
736600.0
8021300.0
731795047.0
730600.0
7962000.0
727462471.0
501863000.0
498305000.0
1226900.0
437800.0
1322710.0
2406566.0
5084600.0
6318000.0
76943300.0
3989300.0
10432257.0
37465852.0
5045000.0
4941300.0
76304000.0
2866000.0
9995313.0
20551789.0
26418000.0
318491200.0
412221600.0
132716925.0
21918600.0
316132600.0
325508800.0
86112633.0
1725454400.0
1453045700.0
1226700.0
426000.0
991649.0
2388900.0
5084600.0
6318000.0
76943300.0
3989300.0
10432257.0
37465852.0
5044500.0
4911100.0
76291600.0
2494800.0
9931828.0
19018036.0
26418000.0
318491200.0
412221600.0
132716925.0
21837600.0
316105600.0
323654000.0
82114448.0
1725454400.0
1448671700.0
2504800.0
2356474.0
6614500.0
734649.0
165267600.0
1910869700.0000002
39290400.0
419986600.0
37465852.0
44735000.0
156064900.0
1842290200.0000002
17827100.0
412450500.0
17242053.0
29292600.0
120471769900.00002
2477528200.0
19982394900.0
2878706500.0
116339719500.00002
1171946600.0
11024279600.0
1939162300.0
1292488977200.0
740403213300.0
2504800.0
100.0
6614500.0
734649.0
155700.0
1910869700.0000002
39290400.0
101400.0
18500.0
44735000.0
66700.0
1842290200.0000002
17827100.0
54300.0
4500.0
29292600.0
78137100.0
15461500.0
19982394900.0
9037500.0
36218100.0
3001500.0
11024279600.0
2443500.0
7498474500.0
1629814500.0
2583800.0
2474099.0
6691300.0
2772885.0
165267600.0
1910869700.0000002
39290400.0
419986600.0
37465852.0
44735000.0
160527500.0
1878713200.0000002
25059900.0
416673900.0
26361878.0
35506600.0
120471769900.00002
2477528200.0
19982394900.0
2878706500.0
118411697400.00002
1598763400.0
14323715900.0
2297444100.0
1292488977200.0
936627253500.0
1443300.0
461172.0
33374508.0
4495273.0
5954400.0
1066253900.0
10127600.0
137709795.0
4213692.0
268116921.0
5954400.0
1066253900.0
10127600.0
137709795.0
4213692.0
268116921.0
4421077200.0
41968100.0
6529770700.0
1051798444.0
4421077200.0
41968100.0
6529770700.0
1051798444.0
27736525900.0
27736525900.0
1413000.0
416800.0
32383183.0
734649.0
5954400.0
1066253900.0
10127600.0
137709795.0
4213692.0
268116921.0
5827900.0
1050617500.0
6922900.0
133897686.0
2167600.0
159160119.0
4421077200.0
41968100.0
6529770700.0
1051798444.0
4355381800.0
30716500.0
4841907300.0
702067467.0
27736525900.0
21599360000.0
32968765.0
1158261.0
439600.0
268116921.0
137711927.0
3989300.0
203124608.0
136418490.0
3192400.0
1041185879.0
878273976.0
32788626.0
814161.0
420000.0
268116921.0
137711927.0
3989300.0
188193256.0
135590291.0
2603900.0
1041185879.0
809108448.0
9800.0
1192200.0
11881567.0
736600.0
8021300.0
731795047.0
637000.0
6286600.0
672884411.0
501863000.0
406293000.0
1232100.0
447100.0
2772885.0
2474099.0
5084600.0
6318000.0
76943300.0
3989300.0
10432257.0
37465852.0
5068600.0
5410800.0
76602200.0
3474200.0
10282760.0
26361878.0
26418000.0
318491200.0
412221600.0
132716925.0
24031500.0
317495700.0
353345200.0
109654265.0
1725454400.0
1579168900.0
1228900.0
443900.0
2142487.0
2444852.0
5084600.0
6318000.0
76943300.0
3989300.0
10432257.0
37465852.0
5054200.0
5163800.0
76426600.0
3240200.0
10150946.0
24057655.0
26418000.0
318491200.0
412221600.0
132716925.0
22903700.0
316696100.0
339445800.0
99175277.0
1725454400.0
1514924700.0
2576900.0
2459699.0
6687000.0
600.0
165267600.0
1910869700.0000002
349700.0
419986600.0
37700.0
452600.0
160102100.0
1876605700.0000002
349700.0
416406500.0
37700.0
452600.0
120471769900.00002
21565700.0
259579000.0
29079600.0
118283034000.00002
21565700.0
259579000.0
29079600.0
16311855600.0
16311855600.0
2550200.0
2399188.0
6668800.0
600.0
165267600.0
1910869700.0000002
349700.0
419986600.0
37700.0
452600.0
158309800.0
1864124600.0000002
349700.0
415192300.0
37700.0
452600.0
120471769900.00002
21565700.0
259579000.0
29079600.0
117437799400.00002
21565700.0
259579000.0
29079600.0
16311855600.0
16311855600.0
1434100.0
458200.0
33051671.0
2772885.0
5954400.0
1066253900.0
10127600.0
137709795.0
4213692.0
268116921.0
5925400.0
1060662000.0
8505600.0
136738084.0
3632700.0
208425231.0
4421077200.0
41968100.0
6529770700.0
1051798444.0
4401919500.0
37516600.0
5597746100.0
889137597.0
27736525900.0
24914197000.0
